***************METAL*******************
Ranked by: RECALL
Roofs	Detections	Recall	Precision	F1_score	Total time	Folder Name
541	142292	    0.9630	    0.0049	    0.0098	  49847.00	slide7decideMajority
541	102338	    0.9390	    0.0068	    0.0135	  52971.00	slide9decideMajority
541	95307	    0.9316	    0.0072	    0.0143	  49274.00	slide7decideMean
541	104225	    0.9279	    0.0063	    0.0126	  13693.00	slide6decideAll
541	104225	    0.9279	    0.0063	    0.0126	  13511.00	slide6decideMean
541	83503	    0.9205	    0.0082	    0.0163	  39713.00	slide8decideMajority
541	78400	    0.9187	    0.0090	    0.0178	  74071.00	slide8decideMean
541	78430	    0.9187	    0.0089	    0.0177	  52771.00	slide9decideMean
541	65111	    0.9020	    0.0104	    0.0206	  31073.00	slide7decideAll
541	26203	    0.9002	    0.0409	    0.0782	  19053.00	slide10decideMean
541	26203	    0.9002	    0.0409	    0.0782	  18856.00	slide10decideAll
541	26203	    0.9002	    0.0409	    0.0782	  19042.00	slide10decideMajority
541	38441	    0.8558	    0.0192	    0.0376	  75293.00	slide8decideAll
541	31446	    0.8503	    0.0243	    0.0473	  52766.00	slide9decideAll
541	8024	    0.6617	    0.1344	    0.2235	  24765.00	slide4decideAll
541	22	    0.0074	    0.4444	    0.0145	     69.00	slide4decideMajority
541	92	    0.0074	    0.0976	    0.0137	     63.00	slide6


Ranked by: F1
Roofs	Detections	Recall	Precision	F1_score	Total time	Folder Name
541	8024	    0.6617	    0.1344	    0.2235	  24765.00	slide4decideAll
541	26203	    0.9002	    0.0409	    0.0782	  19053.00	slide10decideMean
541	26203	    0.9002	    0.0409	    0.0782	  18856.00	slide10decideAll
541	26203	    0.9002	    0.0409	    0.0782	  19042.00	slide10decideMajority
541	31446	    0.8503	    0.0243	    0.0473	  52766.00	slide9decideAll
541	38441	    0.8558	    0.0192	    0.0376	  75293.00	slide8decideAll
541	65111	    0.9020	    0.0104	    0.0206	  31073.00	slide7decideAll
541	78400	    0.9187	    0.0090	    0.0178	  74071.00	slide8decideMean
541	78430	    0.9187	    0.0089	    0.0177	  52771.00	slide9decideMean
541	83503	    0.9205	    0.0082	    0.0163	  39713.00	slide8decideMajority
541	22	    0.0074	    0.4444	    0.0145	     69.00	slide4decideMajority
541	95307	    0.9316	    0.0072	    0.0143	  49274.00	slide7decideMean
541	92	    0.0074	    0.0976	    0.0137	     63.00	slide6
541	102338	    0.9390	    0.0068	    0.0135	  52971.00	slide9decideMajority
541	104225	    0.9279	    0.0063	    0.0126	  13693.00	slide6decideAll
541	104225	    0.9279	    0.0063	    0.0126	  13511.00	slide6decideMean
541	142292	    0.9630	    0.0049	    0.0098	  49847.00	slide7decideMajority


***************THATCH*******************
Ranked by: RECALL
Roofs	Detections	Recall	Precision	F1_score	Total time	Folder Name
396	232268	    0.7273	    0.0013	    0.0025	  52971.00	slide9decideMajority
396	272947	    0.7247	    0.0011	    0.0021	  49847.00	slide7decideMajority
396	146311	    0.7197	    0.0020	    0.0040	  74071.00	slide8decideMean
396	143489	    0.7197	    0.0021	    0.0041	  39713.00	slide8decideMajority
396	231501	    0.7172	    0.0013	    0.0025	  13693.00	slide6decideAll
396	231501	    0.7172	    0.0013	    0.0025	  13511.00	slide6decideMean
396	166378	    0.7146	    0.0018	    0.0035	  52771.00	slide9decideMean
396	158920	    0.7071	    0.0018	    0.0036	  19053.00	slide10decideMean
396	158920	    0.7071	    0.0018	    0.0036	  18856.00	slide10decideAll
396	158920	    0.7071	    0.0018	    0.0036	  19042.00	slide10decideMajority
396	174298	    0.7020	    0.0016	    0.0033	  49274.00	slide7decideMean
396	83651	    0.6894	    0.0034	    0.0068	  31073.00	slide7decideAll
396	140282	    0.6818	    0.0020	    0.0040	  24765.00	slide4decideAll
396	52202	    0.6768	    0.0055	    0.0109	  75293.00	slide8decideAll
396	44231	    0.6717	    0.0065	    0.0129	  52766.00	slide9decideAll
396	651	    0.0076	    0.0050	    0.0060	     69.00	slide4decideMajority
396	1618	    0.0076	    0.0019	    0.0031	     63.00	slide6


Ranked by: F1
Roofs	Detections	Recall	Precision	F1_score	Total time	Folder Name
396	44231	    0.6717	    0.0065	    0.0129	  52766.00	slide9decideAll
396	52202	    0.6768	    0.0055	    0.0109	  75293.00	slide8decideAll
396	83651	    0.6894	    0.0034	    0.0068	  31073.00	slide7decideAll
396	651	    0.0076	    0.0050	    0.0060	     69.00	slide4decideMajority
396	143489	    0.7197	    0.0021	    0.0041	  39713.00	slide8decideMajority
396	146311	    0.7197	    0.0020	    0.0040	  74071.00	slide8decideMean
396	140282	    0.6818	    0.0020	    0.0040	  24765.00	slide4decideAll
396	158920	    0.7071	    0.0018	    0.0036	  19053.00	slide10decideMean
396	158920	    0.7071	    0.0018	    0.0036	  18856.00	slide10decideAll
396	158920	    0.7071	    0.0018	    0.0036	  19042.00	slide10decideMajority
396	166378	    0.7146	    0.0018	    0.0035	  52771.00	slide9decideMean
396	174298	    0.7020	    0.0016	    0.0033	  49274.00	slide7decideMean
396	1618	    0.0076	    0.0019	    0.0031	     63.00	slide6
396	232268	    0.7273	    0.0013	    0.0025	  52971.00	slide9decideMajority
396	231501	    0.7172	    0.0013	    0.0025	  13693.00	slide6decideAll
396	231501	    0.7172	    0.0013	    0.0025	  13511.00	slide6decideMean
396	272947	    0.7247	    0.0011	    0.0021	  49847.00	slide7decideMajority

