***************METAL*******************
Ranked by: RECALL
Roofs	Detections	Recall	Precision	F1_score	Total time	Folder Name
541	104225	    0.9279	    0.0063	    0.0126	  13693.00	slide6decideAll
541	104225	    0.9279	    0.0063	    0.0126	  13511.00	slide6decideMean
541	65111	    0.9020	    0.0104	    0.0206	  31073.00	slide7decideAll
541	26203	    0.9002	    0.0409	    0.0782	  19053.00	slide10decideMean
541	26203	    0.9002	    0.0409	    0.0782	  19042.00	slide10decideMajority
541	26203	    0.9002	    0.0409	    0.0782	  18856.00	slide10decideAll
541	8024	    0.6617	    0.1344	    0.2235	  24765.00	slide4decideAll
541	22	    0.0074	    0.4444	    0.0145	     69.00	slide4decideMajority
541	92	    0.0074	    0.0976	    0.0137	     63.00	slide6


Ranked by: F1
Roofs	Detections	Recall	Precision	F1_score	Total time	Folder Name
541	8024	    0.6617	    0.1344	    0.2235	  24765.00	slide4decideAll
541	26203	    0.9002	    0.0409	    0.0782	  19053.00	slide10decideMean
541	26203	    0.9002	    0.0409	    0.0782	  19042.00	slide10decideMajority
541	26203	    0.9002	    0.0409	    0.0782	  18856.00	slide10decideAll
541	65111	    0.9020	    0.0104	    0.0206	  31073.00	slide7decideAll
541	22	    0.0074	    0.4444	    0.0145	     69.00	slide4decideMajority
541	92	    0.0074	    0.0976	    0.0137	     63.00	slide6
541	104225	    0.9279	    0.0063	    0.0126	  13693.00	slide6decideAll
541	104225	    0.9279	    0.0063	    0.0126	  13511.00	slide6decideMean


***************THATCH*******************
Ranked by: RECALL
Roofs	Detections	Recall	Precision	F1_score	Total time	Folder Name
396	231501	    0.7172	    0.0013	    0.0025	  13693.00	slide6decideAll
396	231501	    0.7172	    0.0013	    0.0025	  13511.00	slide6decideMean
396	158920	    0.7071	    0.0018	    0.0036	  19053.00	slide10decideMean
396	158920	    0.7071	    0.0018	    0.0036	  19042.00	slide10decideMajority
396	158920	    0.7071	    0.0018	    0.0036	  18856.00	slide10decideAll
396	83651	    0.6894	    0.0034	    0.0068	  31073.00	slide7decideAll
396	140282	    0.6818	    0.0020	    0.0040	  24765.00	slide4decideAll
396	651	    0.0076	    0.0050	    0.0060	     69.00	slide4decideMajority
396	1618	    0.0076	    0.0019	    0.0031	     63.00	slide6


Ranked by: F1
Roofs	Detections	Recall	Precision	F1_score	Total time	Folder Name
396	83651	    0.6894	    0.0034	    0.0068	  31073.00	slide7decideAll
396	651	    0.0076	    0.0050	    0.0060	     69.00	slide4decideMajority
396	140282	    0.6818	    0.0020	    0.0040	  24765.00	slide4decideAll
396	158920	    0.7071	    0.0018	    0.0036	  19053.00	slide10decideMean
396	158920	    0.7071	    0.0018	    0.0036	  19042.00	slide10decideMajority
396	158920	    0.7071	    0.0018	    0.0036	  18856.00	slide10decideAll
396	1618	    0.0076	    0.0019	    0.0031	     63.00	slide6
396	231501	    0.7172	    0.0013	    0.0025	  13693.00	slide6decideAll
396	231501	    0.7172	    0.0013	    0.0025	  13511.00	slide6decideMean

